-0.25 0.65 0.00
-0.25 0.65 1.57
-0.25 0.65 3.14
-0.25 0.65 4.71
2.00 2.90 0.00
2.00 2.90 1.57
2.00 2.90 3.14
2.00 2.90 4.71
0.05 2.80 0.00
0.05 2.80 1.57
0.05 2.80 3.14
0.05 2.80 4.71
0.90 2.55 0.00
0.90 2.55 1.57
0.90 2.55 3.14
0.90 2.55 4.71
2.60 2.30 0.00
2.60 2.30 1.57
2.60 2.30 3.14
2.60 2.30 4.71
-1.05 2.15 0.00
-1.05 2.15 1.57
-1.05 2.15 3.14
-1.05 2.15 4.71
-0.60 2.15 0.00
-0.60 2.15 1.57
-0.60 2.15 3.14
-0.60 2.15 4.71
-0.80 1.35 0.00
-0.80 1.35 1.57
-0.80 1.35 3.14
-0.80 1.35 4.71
-0.35 1.15 0.00
-0.35 1.15 1.57
-0.35 1.15 3.14
-0.35 1.15 4.71
1.25 1.15 0.00
1.25 1.15 1.57
1.25 1.15 3.14
1.25 1.15 4.71
2.25 1.20 0.00
2.25 1.20 1.57
2.25 1.20 3.14
2.25 1.20 4.71
2.80 0.85 0.00
2.80 0.85 1.57
2.80 0.85 3.14
2.80 0.85 4.71
-1.00 0.50 0.00
-1.00 0.50 1.57
-1.00 0.50 3.14
-1.00 0.50 4.71
-0.20 0.35 0.00
-0.20 0.35 1.57
-0.20 0.35 3.14
-0.20 0.35 4.71
1.25 0.65 0.00
1.25 0.65 1.57
1.25 0.65 3.14
1.25 0.65 4.71
#2.45 0.30 0.00
#2.45 0.30 1.57
#2.45 0.30 3.14
#2.45 0.30 4.71
3.20 0.00 0.00
3.20 0.00 1.57
3.20 0.00 3.14
3.20 0.00 4.71
0.10 -0.75 0.00
0.10 -0.75 1.57
0.10 -0.75 3.14
0.10 -0.75 4.71
2.55 -0.45 0.00
2.55 -0.45 1.57
2.55 -0.45 3.14
2.55 -0.45 4.71
3.20 -0.45 0.00
3.20 -0.45 1.57
3.20 -0.45 3.14
3.20 -0.45 4.71
0.95 -0.80 0.00
0.95 -0.80 1.57
0.95 -0.80 3.14
0.95 -0.80 4.71
1.85 -0.80 0.00
1.85 -0.80 1.57
1.85 -0.80 3.14
1.85 -0.80 4.71