-0.25 0.65 0.00
-0.25 0.65 1.57
-0.25 0.65 3.14
-0.25 0.65 4.71
2.00 2.90 0.00
2.00 2.90 1.57
2.00 2.90 3.14
2.00 2.90 4.71
0.20 2.80 0.00
0.20 2.80 1.57
0.20 2.80 3.14
0.20 2.80 4.71
0.95 2.75 0.00
0.95 2.75 1.57
0.95 2.75 3.14
0.95 2.75 4.71
1.30 1.45 0.00
1.30 1.45 1.57
1.30 1.45 3.14
1.30 1.45 4.71
2.60 1.90 0.00
2.60 1.90 1.57
2.60 1.90 3.14
2.60 1.90 4.71
-1.25 2.15 0.00
-1.25 2.15 1.57
-1.25 2.15 3.14
-1.25 2.15 4.71
-0.75 1.85 0.00
-0.75 1.85 1.57
-0.75 1.85 3.14
-0.75 1.85 4.71
1.70 0.90 0.00
1.70 0.90 1.57
1.70 0.90 3.14
1.70 0.90 4.71
2.95 0.20 0.00
2.95 0.20 1.57
2.95 0.20 3.14
2.95 0.20 4.71
-1.25 0.40 0.00
-1.25 0.40 1.57
-1.25 0.40 3.14
-1.25 0.40 4.71
0.20 -0.80 0.00
0.20 -0.80 1.57
0.20 -0.80 3.14
0.20 -0.80 4.71
3.05 -0.40 0.00
3.05 -0.40 1.57
3.05 -0.40 3.14
3.05 -0.40 4.71
1.60 -0.80 0.00
1.60 -0.80 1.57
1.60 -0.80 3.14
1.60 -0.80 4.71
