-0.45 0.35 0.00
-0.45 0.35 1.57
-0.45 0.35 3.14
-0.45 0.35 4.71
1.80 2.60 0.00
1.80 2.60 1.57
1.80 2.60 3.14
1.80 2.60 4.71
-0.15 2.50 0.00
-0.15 2.50 1.57
-0.15 2.50 3.14
-0.15 2.50 4.71
0.70 2.25 0.00
0.70 2.25 1.57
0.70 2.25 3.14
0.70 2.25 4.71
2.40 2.00 0.00
2.40 2.00 1.57
2.40 2.00 3.14
2.40 2.00 4.71
-1.25 1.85 0.00
-1.25 1.85 1.57
-1.25 1.85 3.14
-1.25 1.85 4.71
-0.80 1.85 0.00
-0.80 1.85 1.57
-0.80 1.85 3.14
-0.80 1.85 4.71
-1.00 1.05 0.00
-1.00 1.05 1.57
-1.00 1.05 3.14
-1.00 1.05 4.71
-0.55 0.85 0.00
-0.55 0.85 1.57
-0.55 0.85 3.14
-0.55 0.85 4.71
1.05 0.85 0.00
1.05 0.85 1.57
1.05 0.85 3.14
1.05 0.85 4.71
2.05 0.90 0.00
2.05 0.90 1.57
2.05 0.90 3.14
2.05 0.90 4.71
2.60 0.55 0.00
2.60 0.55 1.57
2.60 0.55 3.14
2.60 0.55 4.71
-1.20 0.20 0.00
-1.20 0.20 1.57
-1.20 0.20 3.14
-1.20 0.20 4.71
-0.40 0.05 0.00
-0.40 0.05 1.57
-0.40 0.05 3.14
-0.40 0.05 4.71
1.05 0.35 0.00
1.05 0.35 1.57
1.05 0.35 3.14
1.05 0.35 4.71
2.25 0.00 0.00
2.25 0.00 1.57
2.25 0.00 3.14
2.25 0.00 4.71
3.00 -0.30 0.00
3.00 -0.30 1.57
3.00 -0.30 3.14
3.00 -0.30 4.71
-0.10 -1.05 0.00
-0.10 -1.05 1.57
-0.10 -1.05 3.14
-0.10 -1.05 4.71
2.35 -0.75 0.00
2.35 -0.75 1.57
2.35 -0.75 3.14
2.35 -0.75 4.71
3.00 -0.75 0.00
3.00 -0.75 1.57
3.00 -0.75 3.14
3.00 -0.75 4.71
0.75 -1.10 0.00
0.75 -1.10 1.57
0.75 -1.10 3.14
0.75 -1.10 4.71
1.85 -1.10 0.00
1.85 -1.10 1.57
1.85 -1.10 3.14
1.85 -1.10 4.71
